Run likelihood AICc
82 AncPres.OneRates.83 -249.007114925878 502.014229851756
87 AncPres.OneRates.88 -249.007108829967 502.014217659934
80 AncPres.OneRates.81 -249.007108668032 502.014217336063
88 AncPres.OneRates.89 -249.007108280954 502.014216561909
46 AncPres.OneRates.50 -249.007108011498 502.014216022995
97 AncPres.OneRates.97 -249.007107533167 502.014215066334
19 AncPres.OneRates.26 -249.00710738112 502.014214762239
5 AncPres.OneRates.13 -249.00710704396 502.01421408792
50 AncPres.OneRates.54 -249.00710693818 502.01421387636
92 AncPres.OneRates.92 -249.007106853775 502.01421370755
11 AncPres.OneRates.19 -249.007106756858 502.014213513717
79 AncPres.OneRates.80 -249.007106728656 502.014213457313
37 AncPres.OneRates.42 -249.007106720059 502.014213440117
94 AncPres.OneRates.94 -249.007106628678 502.014213257356
54 AncPres.OneRates.58 -249.007106601646 502.014213203291
14 AncPres.OneRates.21 -249.007106596446 502.014213192893
39 AncPres.OneRates.44 -249.007106574698 502.014213149396
57 AncPres.OneRates.60 -249.007106557592 502.014213115184
12 AncPres.OneRates.2 -249.007106478054 502.014212956108
8 AncPres.OneRates.16 -249.007106420193 502.014212840385
98 AncPres.OneRates.98 -249.007106416209 502.014212832418
43 AncPres.OneRates.48 -249.007106329891 502.014212659783
38 AncPres.OneRates.43 -249.007106299915 502.014212599829
4 AncPres.OneRates.12 -249.007106261519 502.014212523038
23 AncPres.OneRates.3 -249.007106212501 502.014212425001
26 AncPres.OneRates.32 -249.007106197103 502.014212394205
9 AncPres.OneRates.17 -249.007106171771 502.014212343542
30 AncPres.OneRates.36 -249.007106160347 502.014212320694
62 AncPres.OneRates.65 -249.007106115129 502.014212230259
60 AncPres.OneRates.63 -249.00710607836 502.014212156721
25 AncPres.OneRates.31 -249.007106069859 502.014212139718
91 AncPres.OneRates.91 -249.007106045014 502.014212090029
10 AncPres.OneRates.18 -249.007105990646 502.014211981292
31 AncPres.OneRates.37 -249.007105967525 502.014211935049
56 AncPres.OneRates.6 -249.007105881817 502.014211763634
40 AncPres.OneRates.45 -249.007105862481 502.014211724963
53 AncPres.OneRates.57 -249.007105807685 502.01421161537
44 AncPres.OneRates.49 -249.007105796095 502.014211592189
96 AncPres.OneRates.96 -249.007105788207 502.014211576415
85 AncPres.OneRates.86 -249.007105740603 502.014211481206
52 AncPres.OneRates.56 -249.007105722609 502.014211445218
47 AncPres.OneRates.51 -249.007105711787 502.014211423574
81 AncPres.OneRates.82 -249.007105699199 502.014211398398
95 AncPres.OneRates.95 -249.00710569736 502.01421139472
49 AncPres.OneRates.53 -249.007105687538 502.014211375077
27 AncPres.OneRates.33 -249.007105671552 502.014211343104
90 AncPres.OneRates.90 -249.007105664384 502.014211328768
24 AncPres.OneRates.30 -249.007105655341 502.014211310681
15 AncPres.OneRates.22 -249.007105598111 502.014211196221
22 AncPres.OneRates.29 -249.00710558189 502.014211163781
6 AncPres.OneRates.14 -249.007105579042 502.014211158083
58 AncPres.OneRates.61 -249.007105543783 502.014211087566
17 AncPres.OneRates.24 -249.007105509869 502.014211019737
28 AncPres.OneRates.34 -249.007105462591 502.014210925182
21 AncPres.OneRates.28 -249.007105457806 502.014210915612
36 AncPres.OneRates.41 -249.007105398061 502.014210796121
83 AncPres.OneRates.84 -249.007105380205 502.01421076041
45 AncPres.OneRates.5 -249.007105378797 502.014210757594
29 AncPres.OneRates.35 -249.007105371117 502.014210742233
64 AncPres.OneRates.67 -249.007105340359 502.014210680718
67 AncPres.OneRates.7 -249.007105339553 502.014210679107
51 AncPres.OneRates.55 -249.007105338283 502.014210676565
48 AncPres.OneRates.52 -249.007105334346 502.014210668692
63 AncPres.OneRates.66 -249.007105332447 502.014210664893
61 AncPres.OneRates.64 -249.007105327293 502.014210654587
71 AncPres.OneRates.73 -249.007105324065 502.01421064813
41 AncPres.OneRates.46 -249.007105315448 502.014210630896
2 AncPres.OneRates.100 -249.007105303955 502.014210607909
16 AncPres.OneRates.23 -249.007105293877 502.014210587754
65 AncPres.OneRates.68 -249.007105293663 502.014210587325
7 AncPres.OneRates.15 -249.007105292028 502.014210584056
55 AncPres.OneRates.59 -249.007105278052 502.014210556104
18 AncPres.OneRates.25 -249.007105277305 502.014210554611
69 AncPres.OneRates.71 -249.007105276841 502.014210553681
3 AncPres.OneRates.11 -249.007105274157 502.014210548313
72 AncPres.OneRates.74 -249.007105270656 502.014210541311
75 AncPres.OneRates.77 -249.007105268263 502.014210536527
59 AncPres.OneRates.62 -249.007105267802 502.014210535604
84 AncPres.OneRates.85 -249.007105266713 502.014210533425
68 AncPres.OneRates.70 -249.007105266607 502.014210533215
76 AncPres.OneRates.78 -249.007105261656 502.014210523311
13 AncPres.OneRates.20 -249.007105257333 502.014210514666
66 AncPres.OneRates.69 -249.007105255065 502.01421051013
89 AncPres.OneRates.9 -249.007105254076 502.014210508152
35 AncPres.OneRates.40 -249.007105234333 502.014210468665
32 AncPres.OneRates.38 -249.007105225472 502.014210450945
99 AncPres.OneRates.99 -249.007105216741 502.014210433482
73 AncPres.OneRates.75 -249.007105216399 502.014210432797
33 AncPres.OneRates.39 -249.007105216333 502.014210432665
78 AncPres.OneRates.8 -249.007105215358 502.014210430717
20 AncPres.OneRates.27 -249.007105212162 502.014210424323
42 AncPres.OneRates.47 -249.007105209708 502.014210419416
86 AncPres.OneRates.87 -249.007105209702 502.014210419403
74 AncPres.OneRates.76 -249.007105207745 502.014210415489
70 AncPres.OneRates.72 -249.007105203908 502.014210407816
34 AncPres.OneRates.4 -249.007105202221 502.014210404442
1 AncPres.OneRates.10 -249.007105193963 502.014210387926
77 AncPres.OneRates.79 -249.007105190868 502.014210381736
93 AncPres.OneRates.93 -249.00710518903 502.01421037806
192 OneRates.93 -231.245651651501 466.491303303003
107 OneRates.16 -231.245640288183 466.491280576366
156 OneRates.60 -231.245639697079 466.491279394157
105 OneRates.14 -231.245639628587 466.491279257174
194 OneRates.95 -231.245639561398 466.491279122797
198 OneRates.99 -231.245639377658 466.491278755315
175 OneRates.78 -231.245639323316 466.491278646631
122 OneRates.3 -231.245639274358 466.491278548716
162 OneRates.66 -231.245639137671 466.491278275343
178 OneRates.80 -231.245639089431 466.491278178861
149 OneRates.54 -231.245638744852 466.491277489703
123 OneRates.30 -231.245638628026 466.491277256052
181 OneRates.83 -231.24563862217 466.49127724434
113 OneRates.21 -231.245638425556 466.491276851113
143 OneRates.49 -231.245638291245 466.491276582489
188 OneRates.9 -231.245638186612 466.491276373223
132 OneRates.39 -231.245637960507 466.491275921013
163 OneRates.67 -231.245637762387 466.491275524774
108 OneRates.17 -231.245637626831 466.491275253662
141 OneRates.47 -231.245637582925 466.491275165849
197 OneRates.98 -231.245637566839 466.491275133677
134 OneRates.40 -231.245637555192 466.491275110384
173 OneRates.76 -231.245637477681 466.491274955363
119 OneRates.27 -231.24563734251 466.491274685021
130 OneRates.37 -231.24563728564 466.49127457128
157 OneRates.61 -231.245637254643 466.491274509286
171 OneRates.74 -231.245637246947 466.491274493893
100 OneRates.10 -231.245637208503 466.491274417006
117 OneRates.25 -231.245637174673 466.491274349347
106 OneRates.15 -231.245637158446 466.491274316891
176 OneRates.79 -231.24563713597 466.491274271941
148 OneRates.53 -231.245637100693 466.491274201386
177 OneRates.8 -231.245637097867 466.491274195734
110 OneRates.19 -231.245637097245 466.491274194491
125 OneRates.32 -231.245637082121 466.491274164243
131 OneRates.38 -231.24563702662 466.491274053241
187 OneRates.89 -231.245637009642 466.491274019284
154 OneRates.59 -231.245637000562 466.491274001124
112 OneRates.20 -231.245636954233 466.491273908466
160 OneRates.64 -231.245636908896 466.491273817792
114 OneRates.22 -231.245636889273 466.491273778546
190 OneRates.91 -231.245636876846 466.491273753693
165 OneRates.69 -231.245636868779 466.491273737558
195 OneRates.96 -231.245636864072 466.491273728144
109 OneRates.18 -231.245636839596 466.491273679192
159 OneRates.63 -231.245636790817 466.491273581633
191 OneRates.92 -231.245636740643 466.491273481286
180 OneRates.82 -231.245636721576 466.491273443151
145 OneRates.50 -231.245636699101 466.491273398202
172 OneRates.75 -231.24563666178 466.491273323561
161 OneRates.65 -231.245636660063 466.491273320125
164 OneRates.68 -231.245636635832 466.491273271665
151 OneRates.56 -231.245636633613 466.491273267226
183 OneRates.85 -231.245636629991 466.491273259982
144 OneRates.5 -231.245636620886 466.491273241773
185 OneRates.87 -231.245636614051 466.491273228103
169 OneRates.72 -231.245636609052 466.491273218105
129 OneRates.36 -231.245636603375 466.49127320675
127 OneRates.34 -231.245636597326 466.491273194653
128 OneRates.35 -231.245636594172 466.491273188345
137 OneRates.43 -231.245636593482 466.491273186963
150 OneRates.55 -231.245636591481 466.491273182963
136 OneRates.42 -231.245636585448 466.491273170895
196 OneRates.97 -231.245636580106 466.491273160211
120 OneRates.28 -231.245636570132 466.491273140263
115 OneRates.23 -231.245636564178 466.491273128356
152 OneRates.57 -231.245636562811 466.491273125622
179 OneRates.81 -231.245636558742 466.491273117485
153 OneRates.58 -231.245636553918 466.491273107835
166 OneRates.7 -231.245636552112 466.491273104224
126 OneRates.33 -231.245636548229 466.491273096458
121 OneRates.29 -231.245636547847 466.491273095693
101 OneRates.100 -231.245636542869 466.491273085739
103 OneRates.12 -231.245636541444 466.491273082889
174 OneRates.77 -231.245636540686 466.491273081372
184 OneRates.86 -231.245636540273 466.491273080546
168 OneRates.71 -231.245636537346 466.491273074693
118 OneRates.26 -231.245636535183 466.491273070366
186 OneRates.88 -231.245636534734 466.491273069467
133 OneRates.4 -231.245636531989 466.491273063978
111 OneRates.2 -231.245636531203 466.491273062406
140 OneRates.46 -231.245636529389 466.491273058778
146 OneRates.51 -231.245636523731 466.491273047463
142 OneRates.48 -231.245636523518 466.491273047036
189 OneRates.90 -231.245636521452 466.491273042904
182 OneRates.84 -231.245636520636 466.491273041273
193 OneRates.94 -231.245636520296 466.491273040592
167 OneRates.70 -231.245636515946 466.491273031892
139 OneRates.45 -231.245636511327 466.491273022653
102 OneRates.11 -231.245636509336 466.491273018672
155 OneRates.6 -231.245636506768 466.491273013536
147 OneRates.52 -231.24563650291 466.49127300582
135 OneRates.41 -231.245636502469 466.491273004937
104 OneRates.13 -231.245636501126 466.491273002252
124 OneRates.31 -231.245636494025 466.49127298805
138 OneRates.44 -231.245636487595 466.49127297519
116 OneRates.24 -231.245636483703 466.491272967406
170 OneRates.73 -231.245636474115 466.491272948229
158 OneRates.62 -231.245636472776 466.491272945552
